506.7500613653092
556.2997972116127
454.7814433169384
600.9619257412357
374.8964710680011
259.45339812104226
351.70307772211873
225.34572949281844
384.3484727901349
279.5868673569243
273.2999742063409
289.1939627346683
214.14772538647878
263.3647360855225
275.5575259734733
269.60929047798965
268.0152722282573
293.8818628689191
295.71939626243613
294.41939625430837
220.11121915438588
418.4973257337389
501.7421532282583
630.4701731832331
453.37078738042624
638.4198261038388
688.7618087142071
706.5618087142079
674.7751708268224
622.2857475276742
572.4913846045972
710.8947484301029
698.304034525815
611.2202075819165
596.0584532523567
444.66315018575995
470.9563621856428
530.0325903293106
531.4671050756393
537.425016515635
524.8250165156091
538.1419703621244
538.9419703621477
585.9131520581093
581.0900462401365
577.6440017312548
593.0235151633639
592.523515163402
480.4995272849452
647.8763356730032
663.4763356730055
684.7922135287755
692.3186206463835
633.5966406336056
679.0826345039787
666.9457480864066
