0
0
0
256
92
5
94
244
560
387
578
794
546
677
932
446
473
442
741
911
182
738
745
293
580
522
488
844
548
295
832
505
502
615
494
566
395
917
446
417
608
898
289
780
425
898
289
507
421
688
908
452
603
550
590
710
475
601
286
463
243
863
702
547
365
682
177
908
626
291
927
394
538
534
381
925
681
0
933
457
918
690
458
506
638
440
614
266
844
480
455
729
446
566
544
305
613
560
644
564
641
434
934
148
689
902
588
357
785
439
475
948
0
884
715
187
905
858
138
621
308
532
613
429
811
176
736
672
639
458
528
612
609
282
892
569
565
604
278
912
418
876
357
573
409
916
449
468
859
487
442
702
424
435
804
400
591
561
299
896
401
443
913
252
599
896
0
761
828
0
928
581
481
923
171
713
753
928
454
548
843
0
923
861
130
741
449
427
654
266
922
103
602
937
179
886
798
364
752
467
645
774
672
641
510
477
710
694
304
725
744
146
888
711
674
288
587
744
920
472
655
297
667
641
730
746
180
757
0
916
624
708
599
261
880
659
426
903
734
136
615
760
175
829
622
426
592
438
430
843
159
642
729
259
610
397
565
711
813
161
702
304
674
384
505
704
410
628
899
439
416
666
310
650
458
672
656
708
461
591
834
596
252
653
862
575
338
555
646
328
709
717
370
700
309
675
702
318
691
563
279
709
627
378
873
703
159
698
674
610
722
345
792
0
798
851
0
837
453
722
343
740
858
382
500
870
301
571
629
291
889
275
560
702
111
483
306
487
358
303
206
377
204
260
324
152
371
279
199
302
559
400
131
401
478
0
499
654
303
756
514
561
326
528
586
584
538
578
461
849
259
543
512
723
700
152
664
578
708
138
869
161
827
331
386
716
610
747
467
572
733
581
736
787
379
589
776
624
436
449
918
449
462
620
292
919
257
574
778
706
165
730
430
462
440
872
434
718
463
706
438
583
699
658
148
881
776
36
537
0
571
498
0
589
567
0
532
0
574
555
265
750
447
253
651
752
285
460
466
574
740
410
275
432
727
479
408
302
342
0
452
365
277
434
173
265
200
378
271
227
598
288
249
580
0
584
297
282
581
489
273
600
0
516
309
560
309
590
300
520
227
520
0
592
589
270
298
596
0
591
296
590
0
554
565
0
580
0
590
600
0
556
288
292
518
119
255
277
295
288
574
308
295
298
585
284
568
212
542
285
287
590
0
575
282
286
574
0
607
224
238
598
0
579
582
0
532
586
299
293
581
0
491
303
562
0
596
418
0
466
435
184
500
255
165
289
514
476
495
339
617
533
568
333
139
302
89
637
820
155
776
409
322
621
451
504
651
228
520
452
309
589
613
129
482
314
585
350
776
559
0
803
349
576
813
176
819
751
580
164
603
597
154
819
359
620
651
436
286
772
160
741
141
471
122
523
554
141
707
346
835
481
325
608
589
232
552
608
320
445
627
316
616
268
498
515
483
94
383
672
229
363
388
362
511
674
330
457
609
331
422
572
138
517
471
69
244
74
177
314
390
222
461
477
356
472
416
718
0
713
740
250
407
193
642
293
703
461
487
747
429
305
698
219
467
196
375
761
433
423
438
297
710
719
153
521
447
588
475
581
462
242
461
743
262
453
427
552
458
601
0
739
267
457
727
262
713
422
432
295
738
426
412
425
589
479
456
586
468
736
248
466
680
275
350
646
313
458
495
0
482
520
276
436
171
410
0
496
479
0
490
452
773
744
0
798
788
210
484
259
523
814
525
559
534
240
715
245
564
576
227
513
746
0
724
545
547
716
274
548
493
427
496
251
523
230
771
502
236
766
574
492
783
425
443
301
788
0
803
501
301
795
275
786
520
259
690
480
529
540
523
288
784
814
0
795
537
211
718
478
569
554
235
776
499
776
250
518
539
370
485
769
244
513
786
262
532
399
455
724
248
661
445
479
295
716
263
468
776
0
801
0
753
597
0
778
833
529
250
775
0
736
771
0
685
466
210
815
253
534
528
736
371
387
395
493
513
662
0
802
253
555
726
499
518
509
457
540
523
718
555
820
282
479
817
581
793
534
831
0
798
165
440
589
821
263
541
511
288
627
242
560
806
650
278
788
816
291
445
532
491
529
462
353
130
64
0
31
100
0
47
39
0
12
0
0
0
115
0
136
24
28
0
20
0
6
0
0
0
0
0
0
12
168
46
352
432
110
23
0
0
0
0
0
0
0
6
0
0
36
442
283
358
231
227
338
590
272
645
441
518
385
377
487
485
743
366
668
455
647
256
900
442
793
933
152
775
787
250
666
751
422
669